66
NULL 0 NULL 0
Joined 0 0,255,0,255,0,0,0,0,0,0 NULL 0 0 0 	# Joined [4a 6f 69 6e 65 64 ]
|Broken|0|1 0 0,255,0,255,0,0,0,0,0,0 NULL 0 0 0 	# Broken
T 0 0,255,0,255,0,0,0,0,0,0 NULL 0 0 0 	# T [54 ]
h 0 0,255,0,255,0,0,0,0,0,0 NULL 0 0 0 	# h [68 ]
e 0 0,255,0,255,0,0,0,0,0,0 NULL 0 0 0 	# e [65 ]
( 0 0,255,0,255,0,0,0,0,0,0 NULL 0 0 0 	# ( [28 ]
q 0 0,255,0,255,0,0,0,0,0,0 NULL 0 0 0 	# q [71 ]
u 0 0,255,0,255,0,0,0,0,0,0 NULL 0 0 0 	# u [75 ]
i 0 0,255,0,255,0,0,0,0,0,0 NULL 0 0 0 	# i [69 ]
c 0 0,255,0,255,0,0,0,0,0,0 NULL 0 0 0 	# c [63 ]
k 0 0,255,0,255,0,0,0,0,0,0 NULL 0 0 0 	# k [6b ]
) 0 0,255,0,255,0,0,0,0,0,0 NULL 0 0 0 	# ) [29 ]
b 0 0,255,0,255,0,0,0,0,0,0 NULL 0 0 0 	# b [62 ]
r 0 0,255,0,255,0,0,0,0,0,0 NULL 0 0 0 	# r [72 ]
o 0 0,255,0,255,0,0,0,0,0,0 NULL 0 0 0 	# o [6f ]
w 0 0,255,0,255,0,0,0,0,0,0 NULL 0 0 0 	# w [77 ]
n 0 0,255,0,255,0,0,0,0,0,0 NULL 0 0 0 	# n [6e ]
{ 0 0,255,0,255,0,0,0,0,0,0 NULL 0 0 0 	# { [7b ]
f 0 0,255,0,255,0,0,0,0,0,0 NULL 0 0 0 	# f [66 ]
x 0 0,255,0,255,0,0,0,0,0,0 NULL 0 0 0 	# x [78 ]
} 0 0,255,0,255,0,0,0,0,0,0 NULL 0 0 0 	# } [7d ]
j 0 0,255,0,255,0,0,0,0,0,0 NULL 0 0 0 	# j [6a ]
m 0 0,255,0,255,0,0,0,0,0,0 NULL 0 0 0 	# m [6d ]
p 0 0,255,0,255,0,0,0,0,0,0 NULL 0 0 0 	# p [70 ]
s 0 0,255,0,255,0,0,0,0,0,0 NULL 0 0 0 	# s [73 ]
v 0 0,255,0,255,0,0,0,0,0,0 NULL 0 0 0 	# v [76 ]
t 0 0,255,0,255,0,0,0,0,0,0 NULL 0 0 0 	# t [74 ]
$ 0 0,255,0,255,0,0,0,0,0,0 NULL 0 0 0 	# $ [24 ]
3 0 0,255,0,255,0,0,0,0,0,0 NULL 0 0 0 	# 3 [33 ]
, 0 0,255,0,255,0,0,0,0,0,0 NULL 0 0 0 	# , [2c ]
4 0 0,255,0,255,0,0,0,0,0,0 NULL 0 0 0 	# 4 [34 ]
5 0 0,255,0,255,0,0,0,0,0,0 NULL 0 0 0 	# 5 [35 ]
6 0 0,255,0,255,0,0,0,0,0,0 NULL 0 0 0 	# 6 [36 ]
. 0 0,255,0,255,0,0,0,0,0,0 NULL 0 0 0 	# . [2e ]
7 0 0,255,0,255,0,0,0,0,0,0 NULL 0 0 0 	# 7 [37 ]
8 0 0,255,0,255,0,0,0,0,0,0 NULL 0 0 0 	# 8 [38 ]
< 0 0,255,0,255,0,0,0,0,0,0 NULL 0 0 0 	# < [3c ]
l 0 0,255,0,255,0,0,0,0,0,0 NULL 0 0 0 	# l [6c ]
a 0 0,255,0,255,0,0,0,0,0,0 NULL 0 0 0 	# a [61 ]
z 0 0,255,0,255,0,0,0,0,0,0 NULL 0 0 0 	# z [7a ]
y 0 0,255,0,255,0,0,0,0,0,0 NULL 0 0 0 	# y [79 ]
> 0 0,255,0,255,0,0,0,0,0,0 NULL 0 0 0 	# > [3e ]
# 0 0,255,0,255,0,0,0,0,0,0 NULL 0 0 0 	# # [23 ]
9 0 0,255,0,255,0,0,0,0,0,0 NULL 0 0 0 	# 9 [39 ]
0 0 0,255,0,255,0,0,0,0,0,0 NULL 0 0 0 	# 0 [30 ]
d 0 0,255,0,255,0,0,0,0,0,0 NULL 0 0 0 	# d [64 ]
g 0 0,255,0,255,0,0,0,0,0,0 NULL 0 0 0 	# g [67 ]
& 0 0,255,0,255,0,0,0,0,0,0 NULL 0 0 0 	# & [26 ]
/ 0 0,255,0,255,0,0,0,0,0,0 NULL 0 0 0 	# / [2f ]
1 0 0,255,0,255,0,0,0,0,0,0 NULL 0 0 0 	# 1 [31 ]
2 0 0,255,0,255,0,0,0,0,0,0 NULL 0 0 0 	# 2 [32 ]
% 0 0,255,0,255,0,0,0,0,0,0 NULL 0 0 0 	# % [25 ]
E 0 0,255,0,255,0,0,0,0,0,0 NULL 0 0 0 	# E [45 ]
- 0 0,255,0,255,0,0,0,0,0,0 NULL 0 0 0 	# - [2d ]
@ 0 0,255,0,255,0,0,0,0,0,0 NULL 0 0 0 	# @ [40 ]
? 0 0,255,0,255,0,0,0,0,0,0 NULL 0 0 0 	# ? [3f ]
C 0 0,255,0,255,0,0,0,0,0,0 NULL 0 0 0 	# C [43 ]
S 0 0,255,0,255,0,0,0,0,0,0 NULL 0 0 0 	# S [53 ]
: 0 0,255,0,255,0,0,0,0,0,0 NULL 0 0 0 	# : [3a ]
F 0 0,255,0,255,0,0,0,0,0,0 NULL 0 0 0 	# F [46 ]
L 0 0,255,0,255,0,0,0,0,0,0 NULL 0 0 0 	# L [4c ]
N 0 0,255,0,255,0,0,0,0,0,0 NULL 0 0 0 	# N [4e ]
M 0 0,255,0,255,0,0,0,0,0,0 NULL 0 0 0 	# M [4d ]
X 0 0,255,0,255,0,0,0,0,0,0 NULL 0 0 0 	# X [58 ]
P 0 0,255,0,255,0,0,0,0,0,0 NULL 0 0 0 	# P [50 ]
